1.2993	8.27E-006	8.27E-006	2	2
1.2993	9.44E-006	9.44E-006	2	2
1.2993	1.06E-005	1.06E-005	2	2
1.2993	1.60E-005	1.60E-005	2	2
1.29929	2.16E-005	2.16E-005	2	2
1.29924	0.000116035	0.000116035	2	2
1.29918	0.000254371	0.000254371	2	2
1.29904	0.000558925	0.000558925	2	2
1.29879	0.00123212	0.00123212	2	2
1.29829	0.00272871	0.00272871	2	2
1.29734	0.00606872	0.00606872	2	2
1.29561	0.0135206	0.0135206	2	2
1.29417	0.0208231	0.0208231	2	2
1.29161	0.0363284	0.0363284	2	2
1.28737	0.0693427	0.0693427	2	2
1.27703	0.21179	0.21179	2	2
1.27238	0.361737	0.361737	2	2
1.27106	0.517659	0.517659	2	2
1.27106	0.522154	0.522154	2	2
1.27225	0.684287	0.684287	2	2
1.27547	0.852762	0.852762	2	2
1.2805	1.02791	1.02791	2	2
1.28725	1.21002	1.21002	2	2
1.29569	1.39937	1.39937	2	2
1.30584	1.59615	1.59615	2	2
1.31777	1.8005	1.8005	2	2
1.33155	2.01246	2.01246	2	2
1.34636	2.21946	2.21946	2	2
1.36145	2.41339	2.41339	2	2
1.3766	2.5943	2.5943	2	2
1.39162	2.76244	2.76244	2	2
1.40638	2.91818	2.91818	2	2
1.42075	3.06204	3.06204	2	2
1.43464	3.1946	3.1946	2	2
1.44799	3.31648	3.31648	2	2
1.46074	3.42834	3.42834	2	2
1.47285	3.53086	3.53086	2	2
1.48432	3.6247	3.6247	2	2
1.49512	3.71049	3.71049	2	2
1.50527	3.78886	3.78886	2	2
1.51477	3.8604	3.8604	2	2
1.52126	3.90823	3.90823	2	2
1.52564	3.94018	3.94018	2	2
1.5286	3.96151	3.96151	2	2
1.53058	3.97574	3.97574	2	2
1.53191	3.98523	3.98523	2	2
1.5328	3.99156	3.99156	2	2
1.53339	3.99578	3.99578	2	2
1.53369	3.99789	3.99789	2	2
1.53384	3.99894	3.99894	2	2
1.53399 4 4 2 2 
1.53414 4.00106 4.00106 2 2 
1.53429 4.00211 4.00211 2 2 
1.53458 4.00422 4.00422 2 2 
1.53518 4.00844 4.00844 2 2 
1.53608 4.01478 4.01478 2 2 
1.53743 4.02429 4.02429 2 2 
1.53946 4.03855 4.03855 2 2 
1.54253 4.05997 4.05997 2 2 
1.54718 4.09212 4.09212 2 2 
1.55426 4.14042 4.14042 2 2 
1.56512 4.21302 4.21302 2 2 
1.57742 4.29307 4.29307 2 2 
1.59137 4.3813 4.3813 2 2 
1.60724 4.47855 4.47855 2 2 
1.62536 4.58568 4.58568 2 2 
1.64609 4.70365 4.70365 2 2 
1.66992 4.83345 4.83345 2 2 
1.6974 4.97613 4.97613 2 2 
1.7292 5.13277 5.13277 2 2 
1.76617 5.30442 5.30442 2 2 
1.8093 5.49208 5.49208 2 2 
1.85983 5.69662 5.69662 2 2 
1.91921 5.91863 5.91863 2 2 
1.98916 6.15821 6.15821 2 2 
2.06848 6.4055 6.4055 2 2 
2.15289 6.64454 6.64454 2 2 
2.24188 6.87388 6.87388 2 2 
2.33476 7.0922 7.0922 2 2 
2.43071 7.29849 7.29849 2 2 
2.52882 7.49212 7.49212 2 2 
2.62825 7.67292 7.67292 2 2 
2.72823 7.84111 7.84111 2 2 
2.82814 7.99723 7.99723 2 2 
2.92751 8.14203 8.14203 2 2 
3.02599 8.27636 8.27636 2 2 
3.12336 8.4011 8.4011 2 2 
3.21946 8.51712 8.51712 2 2 
3.31421 8.62522 8.62522 2 2 
3.40756 8.72614 8.72614 2 2 
3.4995 8.82056 8.82056 2 2 
3.59005 8.90905 8.90905 2 2 
3.67922 8.99217 8.99217 2 2 
3.76705 9.07036 9.07036 2 2 
3.85357 9.14404 9.14404 2 2 
3.93881 9.21359 9.21359 2 2 
4.02281 9.27932 9.27932 2 2 
4.1056 9.34152 9.34152 2 2 
4.18722 9.40044 9.40044 2 2 
4.26769 9.45632 9.45632 2 2 
4.34705 9.50934 9.50934 2 2 
4.42533 9.55971 9.55971 2 2 
4.50254 9.60757 9.60757 2 2 
4.57871 9.65308 9.65308 2 2 
4.65386 9.69637 9.69637 2 2 
4.72801 9.73756 9.73756 2 2 
4.80117 9.77676 9.77676 2 2 
4.87337 9.81407 9.81407 2 2 
4.94461 9.84958 9.84958 2 2 
5.01491 9.88338 9.88338 2 2 
5.08428 9.91555 9.91555 2 2 
5.15272 9.94615 9.94615 2 2 
5.22026 9.97526 9.97526 2 2 
5.28689 10.0029 10.0029 2 2 
5.35262 10.0292 10.0292 2 2 
5.41746 10.0542 10.0542 2 2 
5.48142 10.0779 10.0779 2 2 
5.54451 10.1003 10.1003 2 2 
5.60672 10.1216 10.1216 2 2 
5.66806 10.1417 10.1417 2 2 
5.72853 10.1607 10.1607 2 2 
5.78814 10.1787 10.1787 2 2 
5.8469 10.1956 10.1956 2 2 
5.9048 10.2115 10.2115 2 2 
5.96185 10.2264 10.2264 2 2 
6.01806 10.2404 10.2404 2 2 
6.07341 10.2535 10.2535 2 2 
6.12792 10.2657 10.2657 2 2 
6.1816 10.277 10.277 2 2 
6.23443 10.2875 10.2875 2 2 
6.28642 10.2972 10.2972 2 2 
6.33759 10.3061 10.3061 2 2 
6.38792 10.3142 10.3142 2 2 
6.43742 10.3216 10.3216 2 2 
6.48609 10.3282 10.3282 2 2 
6.53394 10.3341 10.3341 2 2 
6.58097 10.3393 10.3393 2 2 
6.62718 10.3439 10.3439 2 2 
6.67257 10.3478 10.3478 2 2 
6.71714 10.3511 10.3511 2 2 
6.76091 10.3537 10.3537 2 2 
6.80386 10.3557 10.3557 2 2 
6.84602 10.3572 10.3572 2 2 
6.88737 10.358 10.358 2 2 
6.92792 10.3583 10.3583 2 2 
6.96767 10.3581 10.3581 2 2 
7.00663 10.3573 10.3573 2 2 
7.04481 10.356 10.356 2 2 
7.08219 10.3542 10.3542 2 2 
7.1188 10.3519 10.3519 2 2 
7.15463 10.3491 10.3491 2 2 
7.18969 10.3458 10.3458 2 2 
7.22398 10.3421 10.3421 2 2 
7.25751 10.3379 10.3379 2 2 
7.29027 10.3333 10.3333 2 2 
7.32228 10.3282 10.3282 2 2 
7.35355 10.3228 10.3228 2 2 
7.38406 10.3169 10.3169 2 2 
7.41384 10.3107 10.3107 2 2 
7.44288 10.304 10.304 2 2 
7.47119 10.297 10.297 2 2 
7.49877 10.2896 10.2896 2 2 
7.52564 10.2819 10.2819 2 2 
7.55179 10.2738 10.2738 2 2 
7.57724 10.2654 10.2654 2 2 
7.60198 10.2566 10.2566 2 2 
7.62602 10.2475 10.2475 2 2 
7.64938 10.2381 10.2381 2 2 
7.67205 10.2284 10.2284 2 2 
7.69404 10.2184 10.2184 2 2 
7.71536 10.2082 10.2082 2 2 
7.73601 10.1976 10.1976 2 2 
7.75601 10.1868 10.1868 2 2 
7.77535 10.1756 10.1756 2 2 
7.79404 10.1643 10.1643 2 2 
7.81209 10.1527 10.1527 2 2 
7.82951 10.1408 10.1408 2 2 
7.8463 10.1287 10.1287 2 2 
7.86247 10.1164 10.1164 2 2 
7.87802 10.1038 10.1038 2 2 
7.89297 10.091 10.091 2 2 
7.90732 10.078 10.078 2 2 
7.92107 10.0648 10.0648 2 2 
7.93423 10.0514 10.0514 2 2 
7.94682 10.0378 10.0378 2 2 
7.95883 10.024 10.024 2 2 
7.97027 10.01 10.01 2 2 
7.98116 9.99589 9.99589 2 2 
7.99149 9.98157 9.98157 2 2 
8.00128 9.96707 9.96707 2 2 
8.01052 9.95242 9.95242 2 2 
8.01924 9.9376 9.9376 2 2 
8.02742 9.92263 9.92263 2 2 
8.03509 9.90752 9.90752 2 2 
8.04225 9.89226 9.89226 2 2 
8.04891 9.87686 9.87686 2 2 
8.05506 9.86133 9.86133 2 2 
8.06073 9.84567 9.84567 2 2 
8.06591 9.82989 9.82989 2 2 
8.07061 9.81398 9.81398 2 2 
8.07484 9.79795 9.79795 2 2 
8.07861 9.78182 9.78182 2 2 
8.08193 9.76557 9.76557 2 2 
8.08479 9.74922 9.74922 2 2 
8.08721 9.73277 9.73277 2 2 
8.08919 9.71622 9.71622 2 2 
8.09075 9.69958 9.69958 2 2 
8.09188 9.68285 9.68285 2 2 
8.09259 9.66604 9.66604 2 2 
8.0929 9.64914 9.64914 2 2 
8.09291 9.6449 9.6449 2 2 
8.09271 9.6279 9.6279 2 2 
8.09211 9.61083 9.61083 2 2 
8.09113 9.59368 9.59368 2 2 
8.08976 9.57647 9.57647 2 2 
8.08802 9.55919 9.55919 2 2 
8.0859 9.54185 9.54185 2 2 
8.08343 9.52444 9.52444 2 2 
8.08059 9.50699 9.50699 2 2 
8.07741 9.48947 9.48947 2 2 
8.07388 9.47191 9.47191 2 2 
8.07001 9.4543 9.4543 2 2 
8.0658 9.43664 9.43664 2 2 
8.06127 9.41895 9.41895 2 2 
8.05642 9.40121 9.40121 2 2 
8.05126 9.38343 9.38343 2 2 
8.04578 9.36562 9.36562 2 2 
8.04 9.34777 9.34777 2 2 
8.03393 9.3299 9.3299 2 2 
8.02756 9.31199 9.31199 2 2 
8.0209 9.29406 9.29406 2 2 
8.01397 9.27611 9.27611 2 2 
8.00675 9.25813 9.25813 2 2 
7.99927 9.24014 9.24014 2 2 
7.99153 9.22213 9.22213 2 2 
7.98352 9.2041 9.2041 2 2 
7.97526 9.18606 9.18606 2 2 
7.96675 9.16801 9.16801 2 2 
7.958 9.14995 9.14995 2 2 
7.94901 9.13188 9.13188 2 2 
7.93978 9.1138 9.1138 2 2 
7.93033 9.09572 9.09572 2 2 
7.92065 9.07764 9.07764 2 2 
7.91076 9.05956 9.05956 2 2 
7.90065 9.04148 9.04148 2 2 
7.89033 9.0234 9.0234 2 2 
7.87981 9.00533 9.00533 2 2 
7.86909 8.98726 8.98726 2 2 
7.85817 8.9692 8.9692 2 2 
7.84706 8.95115 8.95115 2 2 
7.83577 8.93311 8.93311 2 2 
7.82429 8.91508 8.91508 2 2 
7.81264 8.89707 8.89707 2 2 
7.80082 8.87907 8.87907 2 2 
7.78882 8.86108 8.86108 2 2 
7.77666 8.84312 8.84312 2 2 
7.76434 8.82517 8.82517 2 2 
7.75187 8.80724 8.80724 2 2 
7.73924 8.78933 8.78933 2 2 
7.72647 8.77144 8.77144 2 2 
7.71355 8.75358 8.75358 2 2 
7.70049 8.73574 8.73574 2 2 
7.68729 8.71793 8.71793 2 2 
7.67396 8.70014 8.70014 2 2 
7.6605 8.68239 8.68239 2 2 
7.64692 8.66466 8.66466 2 2 
7.63321 8.64696 8.64696 2 2 
7.61939 8.62929 8.62929 2 2 
7.60545 8.61165 8.61165 2 2 
7.5914 8.59404 8.59404 2 2 
7.57724 8.57647 8.57647 2 2 
7.56298 8.55894 8.55894 2 2 
7.54862 8.54143 8.54143 2 2 
7.53415 8.52397 8.52397 2 2 
7.5196 8.50654 8.50654 2 2 
7.50495 8.48915 8.48915 2 2 
7.49021 8.47179 8.47179 2 2 
7.47539 8.45448 8.45448 2 2 
7.46048 8.4372 8.4372 2 2 
7.4455 8.41997 8.41997 2 2 
7.43044 8.40278 8.40278 2 2 
7.4153 8.38563 8.38563 2 2 
7.4001 8.36852 8.36852 2 2 
7.38482 8.35146 8.35146 2 2 
7.36948 8.33444 8.33444 2 2 
7.35408 8.31746 8.31746 2 2 
7.33862 8.30053 8.30053 2 2 
7.3231 8.28365 8.28365 2 2 
7.30752 8.26681 8.26681 2 2 
7.29189 8.25002 8.25002 2 2 
7.27621 8.23327 8.23327 2 2 
7.26049 8.21658 8.21658 2 2 
7.24472 8.19993 8.19993 2 2 
7.2289 8.18333 8.18333 2 2 
7.21305 8.16678 8.16678 2 2 
7.19715 8.15028 8.15028 2 2 
7.18122 8.13383 8.13383 2 2 
7.16526 8.11743 8.11743 2 2 
7.14926 8.10108 8.10108 2 2 
7.13324 8.08479 8.08479 2 2 
7.11718 8.06854 8.06854 2 2 
7.1011 8.05235 8.05235 2 2 
7.085 8.03621 8.03621 2 2 
7.06888 8.02012 8.02012 2 2 
7.05273 8.00409 8.00409 2 2 
7.03657 7.9881 7.9881 2 2 
7.02039 7.97218 7.97218 2 2 
7.00419 7.9563 7.9563 2 2 
6.98799 7.94049 7.94049 2 2 
6.97177 7.92472 7.92472 2 2 
6.95554 7.90901 7.90901 2 2 
6.93931 7.89336 7.89336 2 2 
6.92307 7.87776 7.87776 2 2 
6.90682 7.86222 7.86222 2 2 
6.89058 7.84673 7.84673 2 2 
6.87433 7.8313 7.8313 2 2 
6.85808 7.81592 7.81592 2 2 
6.84183 7.8006 7.8006 2 2 
6.82559 7.78534 7.78534 2 2 
6.80935 7.77013 7.77013 2 2 
6.79311 7.75498 7.75498 2 2 
6.77689 7.73989 7.73989 2 2 
6.76067 7.72486 7.72486 2 2 
6.74446 7.70988 7.70988 2 2 
6.72827 7.69496 7.69496 2 2 
6.71208 7.6801 7.6801 2 2 
6.69591 7.66529 7.66529 2 2 
6.67975 7.65055 7.65055 2 2 
6.66361 7.63586 7.63586 2 2 
6.64749 7.62123 7.62123 2 2 
6.63139 7.60665 7.60665 2 2 
6.6153 7.59214 7.59214 2 2 
6.59923 7.57768 7.57768 2 2 
6.58319 7.56328 7.56328 2 2 
6.56717 7.54894 7.54894 2 2 
6.55117 7.53466 7.53466 2 2 
6.5352 7.52043 7.52043 2 2 
6.51925 7.50627 7.50627 2 2 
6.50332 7.49216 7.49216 2 2 
6.48743 7.47811 7.47811 2 2 
6.47156 7.46412 7.46412 2 2 
6.45572 7.45018 7.45018 2 2 
6.43991 7.43631 7.43631 2 2 
6.42413 7.42249 7.42249 2 2 
6.40838 7.40874 7.40874 2 2 
6.39266 7.39504 7.39504 2 2 
6.37698 7.3814 7.3814 2 2 
6.36133 7.36781 7.36781 2 2 
6.34571 7.35429 7.35429 2 2 
6.33013 7.34082 7.34082 2 2 
6.33013 7.34082 7.34082 2 2 
6.33007 7.34077 7.34077 2 2 
6.33001 7.34071 7.34071 2 2 
6.32988 7.3406 7.3406 2 2 
6.32963 7.34039 7.34039 2 2 
6.32913 7.33996 7.33996 2 2 
6.32814 7.3391 7.3391 2 2 
6.32615 7.33738 7.33738 2 2 
6.32217 7.33395 7.33395 2 2 
6.3162 7.3288 7.3288 2 2 
6.30726 7.3211 7.3211 2 2 
6.29387 7.30959 7.30959 2 2 
6.27841 7.29631 7.29631 2 2 
6.26298 7.2831 7.2831 2 2 
6.2476 7.26994 7.26994 2 2 
6.23225 7.25684 7.25684 2 2 
6.21694 7.2438 7.2438 2 2 
6.20167 7.23081 7.23081 2 2 
6.18645 7.21789 7.21789 2 2 
6.17126 7.20502 7.20502 2 2 
6.15611 7.1922 7.1922 2 2 
6.14101 7.17945 7.17945 2 2 
6.12595 7.16675 7.16675 2 2 
6.11093 7.15411 7.15411 2 2 
6.09595 7.14152 7.14152 2 2 
6.08102 7.129 7.129 2 2 
6.06613 7.11652 7.11652 2 2 
6.05129 7.10411 7.10411 2 2 
6.03649 7.09175 7.09175 2 2 
6.02173 7.07945 7.07945 2 2 
6.00702 7.0672 7.0672 2 2 
5.99236 7.05501 7.05501 2 2 
5.97774 7.04288 7.04288 2 2 
5.96317 7.0308 7.0308 2 2 
5.94864 7.01878 7.01878 2 2 
5.93417 7.00681 7.00681 2 2 
5.91973 6.9949 6.9949 2 2 
5.90535 6.98304 6.98304 2 2 
5.89102 6.97124 6.97124 2 2 
5.87673 6.95949 6.95949 2 2 
5.86249 6.9478 6.9478 2 2 
5.8483 6.93616 6.93616 2 2 
5.83416 6.92458 6.92458 2 2 
5.82006 6.91305 6.91305 2 2 
5.80602 6.90157 6.90157 2 2 
5.79202 6.89015 6.89015 2 2 
5.77808 6.87879 6.87879 2 2 
5.76418 6.86747 6.86747 2 2 
5.75033 6.85621 6.85621 2 2 
5.73654 6.845 6.845 2 2 
5.72279 6.83385 6.83385 2 2 
5.70909 6.82275 6.82275 2 2 
5.69545 6.8117 6.8117 2 2 
5.68185 6.8007 6.8007 2 2 
5.66831 6.78976 6.78976 2 2 
5.65481 6.77886 6.77886 2 2 
5.64137 6.76802 6.76802 2 2 
5.62797 6.75724 6.75724 2 2 
5.61463 6.7465 6.7465 2 2 
5.60134 6.73581 6.73581 2 2 
5.5881 6.72518 6.72518 2 2 
5.57491 6.71459 6.71459 2 2 
5.56177 6.70406 6.70406 2 2 
5.54868 6.69358 6.69358 2 2 
5.53564 6.68315 6.68315 2 2 
5.52266 6.67277 6.67277 2 2 
5.50972 6.66243 6.66243 2 2 
5.49684 6.65215 6.65215 2 2 
5.484 6.64192 6.64192 2 2 
5.47122 6.63174 6.63174 2 2 
5.45849 6.6216 6.6216 2 2 
5.44581 6.61152 6.61152 2 2 
5.43318 6.60148 6.60148 2 2 
5.42061 6.5915 6.5915 2 2 
5.40808 6.58156 6.58156 2 2 
5.3956 6.57167 6.57167 2 2 
5.38318 6.56182 6.56182 2 2 
5.37081 6.55203 6.55203 2 2 
5.35848 6.54228 6.54228 2 2 
5.34621 6.53258 6.53258 2 2 
5.33399 6.52293 6.52293 2 2 
5.32182 6.51332 6.51332 2 2 
5.3097 6.50377 6.50377 2 2 
5.29763 6.49425 6.49425 2 2 
5.28561 6.48479 6.48479 2 2 
5.27365 6.47537 6.47537 2 2 
5.26173 6.46599 6.46599 2 2 
5.24986 6.45667 6.45667 2 2 
5.23805 6.44738 6.44738 2 2 
5.22628 6.43815 6.43815 2 2 
5.21456 6.42895 6.42895 2 2 
5.20289 6.41981 6.41981 2 2 
5.19128 6.4107 6.4107 2 2 
5.17971 6.40165 6.40165 2 2 
5.16819 6.39263 6.39263 2 2 
5.15672 6.38366 6.38366 2 2 
5.1453 6.37474 6.37474 2 2 
5.13394 6.36585 6.36585 2 2 
5.12262 6.35702 6.35702 2 2 
5.11134 6.34822 6.34822 2 2 
5.10012 6.33947 6.33947 2 2 
5.08895 6.33076 6.33076 2 2 
5.07782 6.32209 6.32209 2 2 
5.06675 6.31347 6.31347 2 2 
5.05572 6.30489 6.30489 2 2 
5.04474 6.29635 6.29635 2 2 
5.03381 6.28785 6.28785 2 2 
5.02292 6.27939 6.27939 2 2 
5.01209 6.27098 6.27098 2 2 
5.0013 6.2626 6.2626 2 2 
4.99056 6.25427 6.25427 2 2 
4.97987 6.24598 6.24598 2 2 
4.96922 6.23773 6.23773 2 2 
4.95862 6.22952 6.22952 2 2 
4.94807 6.22134 6.22134 2 2 
4.93757 6.21321 6.21321 2 2 
4.92711 6.20512 6.20512 2 2 
4.9167 6.19707 6.19707 2 2 
4.90633 6.18906 6.18906 2 2 
4.89602 6.18109 6.18109 2 2 
4.88574 6.17315 6.17315 2 2 
4.87552 6.16526 6.16526 2 2 
4.86534 6.1574 6.1574 2 2 
4.8552 6.14958 6.14958 2 2 
4.84511 6.1418 6.1418 2 2 
4.83507 6.13406 6.13406 2 2 
4.82507 6.12636 6.12636 2 2 
4.81511 6.11869 6.11869 2 2 
4.8052 6.11106 6.11106 2 2 
4.79534 6.10347 6.10347 2 2 
4.78552 6.09592 6.09592 2 2 
4.77574 6.0884 6.0884 2 2 
4.76601 6.08092 6.08092 2 2 
4.75632 6.07347 6.07347 2 2 
4.74668 6.06607 6.06607 2 2 
4.73708 6.05869 6.05869 2 2 
4.72752 6.05136 6.05136 2 2 
4.71801 6.04406 6.04406 2 2 
4.70853 6.03679 6.03679 2 2 
4.69911 6.02956 6.02956 2 2 
4.68972 6.02237 6.02237 2 2 
4.68038 6.01521 6.01521 2 2 
4.67108 6.00808 6.00808 2 2 
4.66182 6.00099 6.00099 2 2 
4.6526 5.99394 5.99394 2 2 
4.64343 5.98692 5.98692 2 2 
4.6343 5.97993 5.97993 2 2 
4.6252 5.97297 5.97297 2 2 
4.61615 5.96605 5.96605 2 2 
4.60715 5.95917 5.95917 2 2 
4.59818 5.95232 5.95232 2 2 
4.58925 5.9455 5.9455 2 2 
4.58036 5.93871 5.93871 2 2 
4.57152 5.93195 5.93195 2 2 
4.56271 5.92523 5.92523 2 2 
4.55395 5.91854 5.91854 2 2 
4.54522 5.91189 5.91189 2 2 
4.53653 5.90526 5.90526 2 2 
4.52789 5.89867 5.89867 2 2 
4.51928 5.89211 5.89211 2 2 
4.51071 5.88558 5.88558 2 2 
4.50218 5.87908 5.87908 2 2 
4.49369 5.87261 5.87261 2 2 
4.48524 5.86618 5.86618 2 2 
4.47683 5.85977 5.85977 2 2 
4.46846 5.8534 5.8534 2 2 
4.46012 5.84706 5.84706 2 2 
4.45182 5.84074 5.84074 2 2 
4.44356 5.83446 5.83446 2 2 
4.43534 5.82821 5.82821 2 2 
4.42715 5.82198 5.82198 2 2 
4.419 5.81579 5.81579 2 2 
4.41089 5.80963 5.80963 2 2 
4.40282 5.80349 5.80349 2 2 
4.39478 5.79739 5.79739 2 2 
4.38678 5.79131 5.79131 2 2 
4.37881 5.78526 5.78526 2 2 
4.37089 5.77925 5.77925 2 2 
4.36299 5.77326 5.77326 2 2 
4.35514 5.76729 5.76729 2 2 
4.34732 5.76136 5.76136 2 2 
4.33953 5.75546 5.75546 2 2 
4.33178 5.74958 5.74958 2 2 
4.32407 5.74373 5.74373 2 2 
4.31639 5.73791 5.73791 2 2 
4.30874 5.73212 5.73212 2 2 
4.30113 5.72635 5.72635 2 2 
4.29356 5.72061 5.72061 2 2 
4.28601 5.7149 5.7149 2 2 
4.27851 5.70921 5.70921 2 2 
4.27103 5.70355 5.70355 2 2 
4.26359 5.69792 5.69792 2 2 
4.25619 5.69232 5.69232 2 2 
4.24882 5.68674 5.68674 2 2 
4.24148 5.68118 5.68118 2 2 
4.23417 5.67566 5.67566 2 2 
4.2269 5.67016 5.67016 2 2 
4.21966 5.66468 5.66468 2 2 
4.21245 5.65923 5.65923 2 2 
4.20528 5.65381 5.65381 2 2 
4.19813 5.64841 5.64841 2 2 
4.19102 5.64304 5.64304 2 2 
4.18395 5.63769 5.63769 2 2 
4.1769 5.63236 5.63236 2 2 
4.16989 5.62706 5.62706 2 2 
4.1629 5.62179 5.62179 2 2 
4.15595 5.61654 5.61654 2 2 
4.14903 5.61131 5.61131 2 2 
4.14214 5.60611 5.60611 2 2 
4.13528 5.60094 5.60094 2 2 
4.12846 5.59578 5.59578 2 2 
4.12166 5.59065 5.59065 2 2 
4.11489 5.58555 5.58555 2 2 
4.10816 5.58047 5.58047 2 2 
4.10145 5.57541 5.57541 2 2 
4.09478 5.57037 5.57037 2 2 
4.08813 5.56536 5.56536 2 2 
4.08151 5.56037 5.56037 2 2 
4.07493 5.55541 5.55541 2 2 
4.06837 5.55046 5.55046 2 2 
4.06184 5.54554 5.54554 2 2 
4.05534 5.54064 5.54064 2 2 
4.04887 5.53577 5.53577 2 2 
4.04243 5.53091 5.53091 2 2 
4.03602 5.52608 5.52608 2 2 
4.02963 5.52127 5.52127 2 2 
4.02328 5.51649 5.51649 2 2 
4.01695 5.51172 5.51172 2 2 
4.01065 5.50698 5.50698 2 2 
4.00438 5.50225 5.50225 2 2 
3.99813 5.49755 5.49755 2 2 
3.99192 5.49287 5.49287 2 2 
3.98573 5.48822 5.48822 2 2 
3.97957 5.48358 5.48358 2 2 
3.97343 5.47896 5.47896 2 2 
3.96732 5.47437 5.47437 2 2 
3.96124 5.46979 5.46979 2 2 
3.95519 5.46524 5.46524 2 2 
3.94916 5.4607 5.4607 2 2 
3.94316 5.45619 5.45619 2 2 
3.93719 5.4517 5.4517 2 2 
3.93124 5.44723 5.44723 2 2 
3.92532 5.44277 5.44277 2 2 
3.91942 5.43834 5.43834 2 2 
3.91355 5.43393 5.43393 2 2 
3.90771 5.42953 5.42953 2 2 
3.90189 5.42516 5.42516 2 2 
3.8961 5.42081 5.42081 2 2 
3.89033 5.41647 5.41647 2 2 
3.88459 5.41216 5.41216 2 2 
3.87887 5.40786 5.40786 2 2 
3.87318 5.40358 5.40358 2 2 
3.86751 5.39933 5.39933 2 2 
3.86187 5.39509 5.39509 2 2 
3.85625 5.39087 5.39087 2 2 
3.85065 5.38667 5.38667 2 2 
3.84508 5.38248 5.38248 2 2 
3.83954 5.37832 5.37832 2 2 
3.83401 5.37417 5.37417 2 2 
3.82852 5.37004 5.37004 2 2 
3.82304 5.36593 5.36593 2 2 
3.81759 5.36184 5.36184 2 2 
3.81216 5.35777 5.35777 2 2 
3.80676 5.35371 5.35371 2 2 
3.80138 5.34968 5.34968 2 2 
3.79602 5.34566 5.34566 2 2 
3.79069 5.34165 5.34165 2 2 
3.78538 5.33767 5.33767 2 2 
3.78009 5.3337 5.3337 2 2 
3.77482 5.32975 5.32975 2 2 
3.76958 5.32582 5.32582 2 2 
3.76436 5.3219 5.3219 2 2 
3.75916 5.318 5.318 2 2 
3.75398 5.31412 5.31412 2 2 
3.74883 5.31025 5.31025 2 2 
3.7437 5.3064 5.3064 2 2 
3.73859 5.30257 5.30257 2 2 
3.7335 5.29876 5.29876 2 2 
3.72843 5.29496 5.29496 2 2 
3.72339 5.29117 5.29117 2 2 
3.71836 5.28741 5.28741 2 2 
3.71336 5.28366 5.28366 2 2 
3.70838 5.27992 5.27992 2 2 
3.70342 5.27621 5.27621 2 2 
3.69848 5.2725 5.2725 2 2 
3.69356 5.26882 5.26882 2 2 
3.68866 5.26515 5.26515 2 2 
3.68378 5.26149 5.26149 2 2 
3.67893 5.25785 5.25785 2 2 
3.67409 5.25423 5.25423 2 2 
3.66927 5.25062 5.25062 2 2 
3.66448 5.24703 5.24703 2 2 
3.6597 5.24345 5.24345 2 2 
3.65495 5.23989 5.23989 2 2 
3.65021 5.23634 5.23634 2 2 
3.6455 5.23281 5.23281 2 2 
3.6408 5.22929 5.22929 2 2 
3.63612 5.22579 5.22579 2 2 
3.63147 5.2223 5.2223 2 2 
3.62683 5.21883 5.21883 2 2 
3.62221 5.21537 5.21537 2 2 
3.61761 5.21193 5.21193 2 2 
3.61303 5.2085 5.2085 2 2 
3.60847 5.20508 5.20508 2 2 
3.60393 5.20168 5.20168 2 2 
3.59941 5.1983 5.1983 2 2 
3.5949 5.19493 5.19493 2 2 
3.59042 5.19157 5.19157 2 2 
3.58595 5.18822 5.18822 2 2 
3.5815 5.18489 5.18489 2 2 
3.57707 5.18158 5.18158 2 2 
3.57266 5.17828 5.17828 2 2 
3.56826 5.17499 5.17499 2 2 
3.56389 5.17171 5.17171 2 2 
3.55953 5.16845 5.16845 2 2 
3.55519 5.1652 5.1652 2 2 
3.55087 5.16197 5.16197 2 2 
3.54656 5.15875 5.15875 2 2 
3.54227 5.15554 5.15554 2 2 
3.538 5.15235 5.15235 2 2 
3.53375 5.14916 5.14916 2 2 
3.52952 5.146 5.146 2 2 
3.5253 5.14284 5.14284 2 2 
3.5211 5.1397 5.1397 2 2 
3.51692 5.13657 5.13657 2 2 
3.51275 5.13345 5.13345 2 2 
3.5086 5.13035 5.13035 2 2 
3.50447 5.12726 5.12726 2 2 
3.50035 5.12418 5.12418 2 2 
3.49625 5.12111 5.12111 2 2 
3.49217 5.11806 5.11806 2 2 
3.4881 5.11502 5.11502 2 2 
3.48405 5.11199 5.11199 2 2 
3.48002 5.10897 5.10897 2 2 
3.476 5.10597 5.10597 2 2 
3.472 5.10298 5.10298 2 2 
3.46801 5.1 5.1 2 2 
3.46405 5.09703 5.09703 2 2 
3.46009 5.09408 5.09408 2 2 
3.45615 5.09113 5.09113 2 2 
3.45223 5.0882 5.0882 2 2 
3.44833 5.08528 5.08528 2 2 
3.44444 5.08237 5.08237 2 2 
3.44056 5.07947 5.07947 2 2 
3.4367 5.07659 5.07659 2 2 
3.43286 5.07372 5.07372 2 2 
3.42903 5.07085 5.07085 2 2 
3.42521 5.068 5.068 2 2 
3.42141 5.06516 5.06516 2 2 
3.41763 5.06233 5.06233 2 2 
3.41386 5.05952 5.05952 2 2 
3.41011 5.05671 5.05671 2 2 
3.40637 5.05392 5.05392 2 2 
3.40264 5.05113 5.05113 2 2 
3.39893 5.04836 5.04836 2 2 
3.39524 5.0456 5.0456 2 2 
3.39156 5.04285 5.04285 2 2 
3.38789 5.04011 5.04011 2 2 
3.38424 5.03738 5.03738 2 2 
3.3806 5.03466 5.03466 2 2 
3.37698 5.03196 5.03196 2 2 
3.37337 5.02926 5.02926 2 2 
3.36977 5.02657 5.02657 2 2 
3.36619 5.0239 5.0239 2 2 
3.36263 5.02123 5.02123 2 2 
3.35907 5.01858 5.01858 2 2 
3.35553 5.01593 5.01593 2 2 
3.35201 5.0133 5.0133 2 2 
3.3485 5.01068 5.01068 2 2 
3.345 5.00806 5.00806 2 2 
3.34151 5.00546 5.00546 2 2 
3.33804 5.00287 5.00287 2 2 
3.33458 5.00028 5.00028 2 2 
3.33114 4.99771 4.99771 2 2 
3.32771 4.99515 4.99515 2 2 
3.32429 4.9926 4.9926 2 2 
3.32088 4.99005 4.99005 2 2 
3.31749 4.98752 4.98752 2 2 
3.31411 4.985 4.985 2 2 
3.31075 4.98248 4.98248 2 2 
3.30739 4.97998 4.97998 2 2 
3.30405 4.97748 4.97748 2 2 
3.30073 4.975 4.975 2 2 
3.29741 4.97252 4.97252 2 2 
3.29411 4.97006 4.97006 2 2 
3.29082 4.9676 4.9676 2 2 
3.28754 4.96515 4.96515 2 2 
3.28428 4.96271 4.96271 2 2 
3.28103 4.96029 4.96029 2 2 
3.27779 4.95787 4.95787 2 2 
3.27456 4.95546 4.95546 2 2 
3.27134 4.95305 4.95305 2 2 
3.26814 4.95066 4.95066 2 2 
3.26495 4.94828 4.94828 2 2 
3.26177 4.94591 4.94591 2 2 
3.2586 4.94354 4.94354 2 2 
3.25545 4.94119 4.94119 2 2 
3.2523 4.93884 4.93884 2 2 
3.24917 4.9365 4.9365 2 2 
3.24605 4.93417 4.93417 2 2 
3.24294 4.93185 4.93185 2 2 
3.23985 4.92954 4.92954 2 2 
3.23676 4.92724 4.92724 2 2 
3.23369 4.92494 4.92494 2 2 
3.23063 4.92265 4.92265 2 2 
3.22757 4.92038 4.92038 2 2 
3.22454 4.91811 4.91811 2 2 
3.22151 4.91585 4.91585 2 2 
3.21849 4.9136 4.9136 2 2 
3.21548 4.91135 4.91135 2 2 
3.21249 4.90912 4.90912 2 2 
3.20951 4.90689 4.90689 2 2 
3.20653 4.90467 4.90467 2 2 
3.20357 4.90246 4.90246 2 2 
3.20062 4.90026 4.90026 2 2 
3.19768 4.89806 4.89806 2 2 
3.19475 4.89588 4.89588 2 2 
3.19184 4.8937 4.8937 2 2 
3.18893 4.89153 4.89153 2 2 
3.18603 4.88937 4.88937 2 2 
3.18315 4.88721 4.88721 2 2 
3.18027 4.88507 4.88507 2 2 
3.17741 4.88293 4.88293 2 2 
3.17455 4.8808 4.8808 2 2 
3.17171 4.87868 4.87868 2 2 
3.16887 4.87656 4.87656 2 2 
3.16605 4.87446 4.87446 2 2 
3.16324 4.87236 4.87236 2 2 
3.16044 4.87026 4.87026 2 2 
3.15764 4.86818 4.86818 2 2 
3.15486 4.8661 4.8661 2 2 
3.15209 4.86403 4.86403 2 2 
3.14933 4.86197 4.86197 2 2 
3.14657 4.85992 4.85992 2 2 
3.14383 4.85787 4.85787 2 2 
3.1411 4.85583 4.85583 2 2 
3.13838 4.8538 4.8538 2 2 
3.13566 4.85178 4.85178 2 2 
3.13296 4.84976 4.84976 2 2 
3.13027 4.84775 4.84775 2 2 
3.12758 4.84575 4.84575 2 2 
3.12491 4.84375 4.84375 2 2 
3.12224 4.84176 4.84176 2 2 
3.11959 4.83978 4.83978 2 2 
3.11694 4.83781 4.83781 2 2 
3.11431 4.83584 4.83584 2 2 
3.11168 4.83388 4.83388 2 2 
3.10906 4.83193 4.83193 2 2 
3.10645 4.82998 4.82998 2 2 
3.10385 4.82804 4.82804 2 2 
3.10127 4.82611 4.82611 2 2 
3.09868 4.82418 4.82418 2 2 
3.09611 4.82227 4.82227 2 2 
3.09355 4.82035 4.82035 2 2 
3.091 4.81845 4.81845 2 2 
3.08845 4.81655 4.81655 2 2 
3.08592 4.81466 4.81466 2 2 
3.08339 4.81277 4.81277 2 2 
3.08087 4.8109 4.8109 2 2 
3.07837 4.80902 4.80902 2 2 
3.07587 4.80716 4.80716 2 2 
3.07338 4.8053 4.8053 2 2 
3.07089 4.80345 4.80345 2 2 
3.06842 4.8016 4.8016 2 2 
3.06595 4.79976 4.79976 2 2 
3.0635 4.79793 4.79793 2 2 
3.06105 4.7961 4.7961 2 2 
3.05861 4.79428 4.79428 2 2 
3.05618 4.79247 4.79247 2 2 
3.05376 4.79066 4.79066 2 2 
3.05134 4.78886 4.78886 2 2 
3.04894 4.78707 4.78707 2 2 
3.04654 4.78528 4.78528 2 2 
3.04415 4.7835 4.7835 2 2 
3.04177 4.78172 4.78172 2 2 
3.0394 4.77995 4.77995 2 2 
3.03704 4.77819 4.77819 2 2 
3.03468 4.77643 4.77643 2 2 
3.03233 4.77468 4.77468 2 2 
3.02999 4.77293 4.77293 2 2 
3.02766 4.77119 4.77119 2 2 
3.02534 4.76946 4.76946 2 2 
3.02302 4.76773 4.76773 2 2 
3.02071 4.76601 4.76601 2 2 
3.01841 4.7643 4.7643 2 2 
3.01612 4.76259 4.76259 2 2 
3.01384 4.76088 4.76088 2 2 
3.01156 4.75918 4.75918 2 2 
3.00929 4.75749 4.75749 2 2 
3.00703 4.7558 4.7558 2 2 
3.00478 4.75412 4.75412 2 2 
3.00253 4.75245 4.75245 2 2 
3.00029 4.75078 4.75078 2 2 
2.99806 4.74911 4.74911 2 2 
2.99584 4.74746 4.74746 2 2 
2.99362 4.7458 4.7458 2 2 
2.99142 4.74416 4.74416 2 2 
2.98922 4.74251 4.74251 2 2 
2.98702 4.74088 4.74088 2 2 
2.98484 4.73925 4.73925 2 2 
2.98266 4.73762 4.73762 2 2 
2.98049 4.736 4.736 2 2 
2.97832 4.73439 4.73439 2 2 
2.97617 4.73278 4.73278 2 2 
2.97402 4.73118 4.73118 2 2 
2.97188 4.72958 4.72958 2 2 
2.96974 4.72799 4.72799 2 2 
2.96761 4.7264 4.7264 2 2 
2.96549 4.72482 4.72482 2 2 
2.96338 4.72324 4.72324 2 2 
2.96127 4.72167 4.72167 2 2 
2.95917 4.7201 4.7201 2 2 
2.95708 4.71854 4.71854 2 2 
2.955 4.71699 4.71699 2 2 
2.95292 4.71544 4.71544 2 2 
2.95085 4.71389 4.71389 2 2 
2.94878 4.71235 4.71235 2 2 
2.94672 4.71082 4.71082 2 2 
2.94467 4.70929 4.70929 2 2 
2.94263 4.70776 4.70776 2 2 
2.94059 4.70624 4.70624 2 2 
2.93856 4.70473 4.70473 2 2 
2.93653 4.70322 4.70322 2 2 
2.93451 4.70171 4.70171 2 2 
2.9325 4.70021 4.70021 2 2 
2.9305 4.69872 4.69872 2 2 
2.9285 4.69722 4.69722 2 2 
2.92651 4.69574 4.69574 2 2 
2.92452 4.69426 4.69426 2 2 
2.92255 4.69278 4.69278 2 2 
2.92057 4.69131 4.69131 2 2 
2.91861 4.68985 4.68985 2 2 
2.91665 4.68838 4.68838 2 2 
2.9147 4.68693 4.68693 2 2 
2.91275 4.68548 4.68548 2 2 
2.91081 4.68403 4.68403 2 2 
2.90888 4.68259 4.68259 2 2 
2.90695 4.68115 4.68115 2 2 
2.90503 4.67971 4.67971 2 2 
2.90311 4.67829 4.67829 2 2 
2.9012 4.67686 4.67686 2 2 
2.8993 4.67544 4.67544 2 2 
2.8974 4.67403 4.67403 2 2 
2.89551 4.67262 4.67262 2 2 
2.89363 4.67121 4.67121 2 2 
2.89175 4.66981 4.66981 2 2 
2.88988 4.66841 4.66841 2 2 
2.88801 4.66702 4.66702 2 2 
2.88615 4.66563 4.66563 2 2 
2.88429 4.66425 4.66425 2 2 
2.88245 4.66287 4.66287 2 2 
2.8806 4.6615 4.6615 2 2 
2.87877 4.66013 4.66013 2 2 
2.87694 4.65876 4.65876 2 2 
2.87511 4.6574 4.6574 2 2 
2.87329 4.65604 4.65604 2 2 
2.87148 4.65469 4.65469 2 2 
2.86967 4.65334 4.65334 2 2 
2.86787 4.652 4.652 2 2 
2.86607 4.65066 4.65066 2 2 
2.86428 4.64932 4.64932 2 2 
2.86249 4.64799 4.64799 2 2 
2.86071 4.64666 4.64666 2 2 
2.85894 4.64534 4.64534 2 2 
2.85717 4.64402 4.64402 2 2 
2.85541 4.64271 4.64271 2 2 
2.85365 4.6414 4.6414 2 2 
2.8519 4.64009 4.64009 2 2 
2.85016 4.63879 4.63879 2 2 
2.84841 4.63749 4.63749 2 2 
2.84668 4.63619 4.63619 2 2 
2.84495 4.6349 4.6349 2 2 
2.84322 4.63362 4.63362 2 2 
2.84151 4.63233 4.63233 2 2 
2.83979 4.63106 4.63106 2 2 
2.83808 4.62978 4.62978 2 2 
2.83638 4.62851 4.62851 2 2 
2.83468 4.62725 4.62725 2 2 
2.83299 4.62598 4.62598 2 2 
2.8313 4.62472 4.62472 2 2 
2.82962 4.62347 4.62347 2 2 
2.82794 4.62222 4.62222 2 2 
2.82627 4.62097 4.62097 2 2 
2.82461 4.61973 4.61973 2 2 
2.82295 4.61849 4.61849 2 2 
2.82129 4.61726 4.61726 2 2 
2.81964 4.61602 4.61602 2 2 
2.81799 4.6148 4.6148 2 2 
2.81635 4.61357 4.61357 2 2 
2.81472 4.61235 4.61235 2 2 
2.81308 4.61114 4.61114 2 2 
2.81146 4.60992 4.60992 2 2 
2.80984 4.60871 4.60871 2 2 
2.80822 4.60751 4.60751 2 2 
2.80661 4.60631 4.60631 2 2 
2.805 4.60511 4.60511 2 2 
2.8034 4.60391 4.60391 2 2 
2.80181 4.60272 4.60272 2 2 
2.80022 4.60154 4.60154 2 2 
2.79863 4.60035 4.60035 2 2 
2.79705 4.59917 4.59917 2 2 
2.79547 4.598 4.598 2 2 
2.7939 4.59682 4.59682 2 2 
2.79233 4.59565 4.59565 2 2 
2.79077 4.59449 4.59449 2 2 
2.78921 4.59333 4.59333 2 2 
2.78766 4.59217 4.59217 2 2 
2.78611 4.59101 4.59101 2 2 
2.78456 4.58986 4.58986 2 2 
2.78302 4.58871 4.58871 2 2 
2.78149 4.58757 4.58757 2 2 
2.77996 4.58643 4.58643 2 2 
2.77843 4.58529 4.58529 2 2 
2.77691 4.58416 4.58416 2 2 
2.7754 4.58302 4.58302 2 2 
2.77389 4.5819 4.5819 2 2 
2.77238 4.58077 4.58077 2 2 
2.77088 4.57965 4.57965 2 2 
2.76938 4.57853 4.57853 2 2 
2.76788 4.57742 4.57742 2 2 
2.76639 4.57631 4.57631 2 2 
2.76491 4.5752 4.5752 2 2 
2.76343 4.5741 4.5741 2 2 
2.76195 4.573 4.573 2 2 
2.76048 4.5719 4.5719 2 2 
2.75901 4.5708 4.5708 2 2 
2.75755 4.56971 4.56971 2 2 
2.75609 4.56862 4.56862 2 2 
2.75464 4.56754 4.56754 2 2 
2.75319 4.56646 4.56646 2 2 
2.75174 4.56538 4.56538 2 2 
2.7503 4.5643 4.5643 2 2 
2.74886 4.56323 4.56323 2 2 
2.74743 4.56216 4.56216 2 2 
2.746 4.5611 4.5611 2 2 
2.74458 4.56003 4.56003 2 2 
2.74316 4.55897 4.55897 2 2 
2.74174 4.55792 4.55792 2 2 
2.74033 4.55686 4.55686 2 2 
2.73892 4.55581 4.55581 2 2 
2.73752 4.55477 4.55477 2 2 
2.73612 4.55372 4.55372 2 2 
2.73472 4.55268 4.55268 2 2 
2.73333 4.55164 4.55164 2 2 
2.73194 4.55061 4.55061 2 2 
2.73056 4.54958 4.54958 2 2 
2.72918 4.54855 4.54855 2 2 
2.7278 4.54752 4.54752 2 2 
2.72643 4.5465 4.5465 2 2 
2.72506 4.54548 4.54548 2 2 
2.7237 4.54446 4.54446 2 2 
2.72234 4.54345 4.54345 2 2 
2.72098 4.54243 4.54243 2 2 
2.71963 4.54143 4.54143 2 2 
2.71828 4.54042 4.54042 2 2 
2.71694 4.53942 4.53942 2 2 
2.7156 4.53842 4.53842 2 2 
2.71426 4.53742 4.53742 2 2 
2.71293 4.53643 4.53643 2 2 
2.7116 4.53544 4.53544 2 2 
2.71028 4.53445 4.53445 2 2 
2.70896 4.53346 4.53346 2 2 
2.70764 4.53248 4.53248 2 2 
2.70633 4.5315 4.5315 2 2 
2.70502 4.53052 4.53052 2 2 
2.70371 4.52955 4.52955 2 2 
2.70241 4.52858 4.52858 2 2 
2.70111 4.52761 4.52761 2 2 
2.69981 4.52664 4.52664 2 2 
2.69852 4.52568 4.52568 2 2 
2.69724 4.52472 4.52472 2 2 
2.69595 4.52376 4.52376 2 2 
2.69467 4.52281 4.52281 2 2 
2.69339 4.52185 4.52185 2 2 
2.69212 4.5209 4.5209 2 2 
2.69085 4.51996 4.51996 2 2 
2.68959 4.51901 4.51901 2 2 
2.68832 4.51807 4.51807 2 2 
2.68707 4.51713 4.51713 2 2 
2.68581 4.51619 4.51619 2 2 
2.68456 4.51526 4.51526 2 2 
2.68331 4.51433 4.51433 2 2 
2.68207 4.5134 4.5134 2 2 
2.68082 4.51248 4.51248 2 2 
2.67959 4.51155 4.51155 2 2 
2.67835 4.51063 4.51063 2 2 
2.67712 4.50971 4.50971 2 2 
2.67589 4.5088 4.5088 2 2 
2.67467 4.50788 4.50788 2 2 
2.67345 4.50697 4.50697 2 2 
2.67223 4.50607 4.50607 2 2 
2.67102 4.50516 4.50516 2 2 
2.66981 4.50426 4.50426 2 2 
2.6686 4.50336 4.50336 2 2 
2.6674 4.50246 4.50246 2 2 
2.6662 4.50156 4.50156 2 2 
2.665 4.50067 4.50067 2 2 
2.66381 4.49978 4.49978 2 2 
2.66262 4.49889 4.49889 2 2 
2.66143 4.49801 4.49801 2 2 
2.66025 4.49712 4.49712 2 2 
2.65907 4.49624 4.49624 2 2 
2.65789 4.49536 4.49536 2 2 
2.65672 4.49449 4.49449 2 2 
2.65555 4.49362 4.49362 2 2 
2.65438 4.49274 4.49274 2 2 
2.65321 4.49188 4.49188 2 2 
2.65205 4.49101 4.49101 2 2 
2.65089 4.49015 4.49015 2 2 
2.64974 4.48928 4.48928 2 2 
2.64859 4.48843 4.48843 2 2 
2.64744 4.48757 4.48757 2 2 
2.64629 4.48671 4.48671 2 2 
2.64515 4.48586 4.48586 2 2 
2.64401 4.48501 4.48501 2 2 
2.64288 4.48416 4.48416 2 2 
2.64174 4.48332 4.48332 2 2 
2.64062 4.48248 4.48248 2 2 
2.63949 4.48164 4.48164 2 2 
2.63836 4.4808 4.4808 2 2 
2.63724 4.47996 4.47996 2 2 
2.63613 4.47913 4.47913 2 2 
2.63501 4.4783 4.4783 2 2 
2.6339 4.47747 4.47747 2 2 
2.63279 4.47664 4.47664 2 2 
2.63169 4.47581 4.47581 2 2 
2.63058 4.47499 4.47499 2 2 
2.62948 4.47417 4.47417 2 2 
2.62839 4.47335 4.47335 2 2 
2.62729 4.47254 4.47254 2 2 
2.6262 4.47172 4.47172 2 2 
2.62512 4.47091 4.47091 2 2 
2.62403 4.4701 4.4701 2 2 
2.62295 4.4693 4.4693 2 2 
2.62187 4.46849 4.46849 2 2 
2.62079 4.46769 4.46769 2 2 
2.61972 4.46689 4.46689 2 2 
2.61865 4.46609 4.46609 2 2 
2.61758 4.46529 4.46529 2 2 
2.61652 4.4645 4.4645 2 2 
2.61546 4.4637 4.4637 2 2 
2.6144 4.46291 4.46291 2 2 
2.61334 4.46213 4.46213 2 2 
2.61229 4.46134 4.46134 2 2 
2.61124 4.46056 4.46056 2 2 
2.61019 4.45977 4.45977 2 2 
2.60914 4.45899 4.45899 2 2 
2.6081 4.45822 4.45822 2 2 
2.60706 4.45744 4.45744 2 2 
2.60603 4.45667 4.45667 2 2 
2.60499 4.4559 4.4559 2 2 
2.60396 4.45513 4.45513 2 2 
2.60293 4.45436 4.45436 2 2 
2.60191 4.45359 4.45359 2 2 
2.60088 4.45283 4.45283 2 2 
2.59986 4.45207 4.45207 2 2 
2.59884 4.45131 4.45131 2 2 
2.59783 4.45055 4.45055 2 2 
2.59682 4.4498 4.4498 2 2 
2.59581 4.44904 4.44904 2 2 
2.5948 4.44829 4.44829 2 2 
2.5938 4.44754 4.44754 2 2 
2.59279 4.44679 4.44679 2 2 
2.59179 4.44605 4.44605 2 2 
2.5908 4.4453 4.4453 2 2 
2.5898 4.44456 4.44456 2 2 
2.58881 4.44382 4.44382 2 2 
2.58782 4.44309 4.44309 2 2 
2.58684 4.44235 4.44235 2 2 
2.58585 4.44161 4.44161 2 2 
2.58487 4.44088 4.44088 2 2 
2.58389 4.44015 4.44015 2 2 
2.58292 4.43942 4.43942 2 2 
2.58194 4.4387 4.4387 2 2 
2.58097 4.43797 4.43797 2 2 
2.58 4.43725 4.43725 2 2 
2.57904 4.43653 4.43653 2 2 
2.57807 4.43581 4.43581 2 2 
2.57711 4.43509 4.43509 2 2 
2.57615 4.43438 4.43438 2 2 
2.5752 4.43366 4.43366 2 2 
2.57424 4.43295 4.43295 2 2 
2.57329 4.43224 4.43224 2 2 
2.57234 4.43153 4.43153 2 2 
2.5714 4.43083 4.43083 2 2 
2.57045 4.43012 4.43012 2 2 
2.56951 4.42942 4.42942 2 2 
2.56857 4.42872 4.42872 2 2 
2.56764 4.42802 4.42802 2 2 
2.5667 4.42732 4.42732 2 2 
2.56577 4.42663 4.42663 2 2 
2.56484 4.42593 4.42593 2 2 
2.56391 4.42524 4.42524 2 2 
2.56299 4.42455 4.42455 2 2 
2.56207 4.42386 4.42386 2 2 
2.56115 4.42318 4.42318 2 2 
2.56023 4.42249 4.42249 2 2 
2.55931 4.42181 4.42181 2 2 
2.5584 4.42113 4.42113 2 2 
2.55749 4.42045 4.42045 2 2 
2.55658 4.41977 4.41977 2 2 
2.55567 4.41909 4.41909 2 2 
2.55477 4.41842 4.41842 2 2 
2.55387 4.41775 4.41775 2 2 
2.55297 4.41707 4.41707 2 2 
2.55207 4.41641 4.41641 2 2 
2.55118 4.41574 4.41574 2 2 
2.55028 4.41507 4.41507 2 2 
2.54939 4.41441 4.41441 2 2 
2.54851 4.41374 4.41374 2 2 
2.54762 4.41308 4.41308 2 2 
2.54674 4.41242 4.41242 2 2 
2.54585 4.41177 4.41177 2 2 
2.54497 4.41111 4.41111 2 2 
2.5441 4.41045 4.41045 2 2 
2.54322 4.4098 4.4098 2 2 
2.54235 4.40915 4.40915 2 2 
2.54148 4.4085 4.4085 2 2 
2.54061 4.40785 4.40785 2 2 
2.53974 4.40721 4.40721 2 2 
2.53888 4.40656 4.40656 2 2 
2.53802 4.40592 4.40592 2 2 
2.53716 4.40528 4.40528 2 2 
2.5363 4.40464 4.40464 2 2 
2.53545 4.404 4.404 2 2 
2.53459 4.40336 4.40336 2 2 
2.53374 4.40273 4.40273 2 2 
2.53289 4.40209 4.40209 2 2 
2.53205 4.40146 4.40146 2 2 
2.5312 4.40083 4.40083 2 2 
2.53036 4.4002 4.4002 2 2 
2.52952 4.39957 4.39957 2 2 
2.52868 4.39895 4.39895 2 2 
2.52784 4.39832 4.39832 2 2 
2.52701 4.3977 4.3977 2 2 
2.52617 4.39708 4.39708 2 2 
2.52534 4.39646 4.39646 2 2 
2.52451 4.39584 4.39584 2 2 
2.52369 4.39522 4.39522 2 2 
2.52286 4.39461 4.39461 2 2 
2.52204 4.39399 4.39399 2 2 
2.52122 4.39338 4.39338 2 2 
2.5204 4.39277 4.39277 2 2 
2.51959 4.39216 4.39216 2 2 
2.51877 4.39155 4.39155 2 2 
2.51796 4.39095 4.39095 2 2 
2.51715 4.39034 4.39034 2 2 
2.51634 4.38974 4.38974 2 2 
2.51553 4.38914 4.38914 2 2 
2.51473 4.38854 4.38854 2 2 
2.51393 4.38794 4.38794 2 2 
2.51313 4.38734 4.38734 2 2 
2.51233 4.38674 4.38674 2 2 
2.51153 4.38615 4.38615 2 2 
2.51074 4.38555 4.38555 2 2 
2.50994 4.38496 4.38496 2 2 
2.50915 4.38437 4.38437 2 2 
2.50836 4.38378 4.38378 2 2 
2.50758 4.3832 4.3832 2 2 
2.50679 4.38261 4.38261 2 2 
2.50601 4.38202 4.38202 2 2 
2.50523 4.38144 4.38144 2 2 
2.50445 4.38086 4.38086 2 2 
2.50367 4.38028 4.38028 2 2 
2.50289 4.3797 4.3797 2 2 
2.50212 4.37912 4.37912 2 2 
2.50135 4.37855 4.37855 2 2 
2.50058 4.37797 4.37797 2 2 
2.49981 4.3774 4.3774 2 2 
2.49904 4.37682 4.37682 2 2 
2.49828 4.37625 4.37625 2 2 
2.49751 4.37568 4.37568 2 2 
2.49675 4.37512 4.37512 2 2 
2.49599 4.37455 4.37455 2 2 
2.49523 4.37398 4.37398 2 2 
2.49448 4.37342 4.37342 2 2 
2.49372 4.37286 4.37286 2 2 
2.49297 4.3723 4.3723 2 2 
2.49222 4.37174 4.37174 2 2 
2.49147 4.37118 4.37118 2 2 
2.49073 4.37062 4.37062 2 2 
2.48998 4.37006 4.37006 2 2 
2.48924 4.36951 4.36951 2 2 
2.4885 4.36895 4.36895 2 2 
2.48776 4.3684 4.3684 2 2 
2.48702 4.36785 4.36785 2 2 
2.48628 4.3673 4.3673 2 2 
2.48555 4.36675 4.36675 2 2 
2.48481 4.36621 4.36621 2 2 
2.48408 4.36566 4.36566 2 2 
2.48335 4.36512 4.36512 2 2 
2.48263 4.36457 4.36457 2 2 
2.4819 4.36403 4.36403 2 2 
2.48118 4.36349 4.36349 2 2 
2.48045 4.36295 4.36295 2 2 
2.47973 4.36241 4.36241 2 2 
2.47901 4.36188 4.36188 2 2 
2.4783 4.36134 4.36134 2 2 
2.47758 4.36081 4.36081 2 2 
2.47687 4.36027 4.36027 2 2 
2.47615 4.35974 4.35974 2 2 
2.47544 4.35921 4.35921 2 2 
2.47473 4.35868 4.35868 2 2 
2.47403 4.35815 4.35815 2 2 
2.47332 4.35762 4.35762 2 2 
2.47262 4.3571 4.3571 2 2 
2.47191 4.35657 4.35657 2 2 
2.47121 4.35605 4.35605 2 2 
2.47051 4.35553 4.35553 2 2 
2.46981 4.35501 4.35501 2 2 
2.46912 4.35449 4.35449 2 2 
2.46842 4.35397 4.35397 2 2 
2.46773 4.35345 4.35345 2 2 
2.46704 4.35294 4.35294 2 2 
2.46635 4.35242 4.35242 2 2 
2.46566 4.35191 4.35191 2 2 
2.46497 4.3514 4.3514 2 2 
2.46429 4.35088 4.35088 2 2 
2.46361 4.35037 4.35037 2 2 
2.46292 4.34986 4.34986 2 2 
2.46224 4.34936 4.34936 2 2 
2.46157 4.34885 4.34885 2 2 
2.46089 4.34834 4.34834 2 2 
2.46021 4.34784 4.34784 2 2 
2.45954 4.34734 4.34734 2 2 
2.45887 4.34684 4.34684 2 2 
2.4582 4.34633 4.34633 2 2 
2.45753 4.34583 4.34583 2 2 
2.45686 4.34534 4.34534 2 2 
2.45619 4.34484 4.34484 2 2 
2.45553 4.34434 4.34434 2 2 
2.45486 4.34385 4.34385 2 2 
2.4542 4.34335 4.34335 2 2 
2.45354 4.34286 4.34286 2 2 
2.45288 4.34237 4.34237 2 2 
2.45222 4.34188 4.34188 2 2 
2.45157 4.34139 4.34139 2 2 
2.45091 4.3409 4.3409 2 2 
2.45026 4.34041 4.34041 2 2 
2.44961 4.33992 4.33992 2 2 
2.44896 4.33944 4.33944 2 2 
2.44831 4.33896 4.33896 2 2 
2.44766 4.33847 4.33847 2 2 
2.44702 4.33799 4.33799 2 2 
2.44638 4.33751 4.33751 2 2 
2.44573 4.33703 4.33703 2 2 
2.44509 4.33655 4.33655 2 2 
2.44445 4.33607 4.33607 2 2 
2.44381 4.3356 4.3356 2 2 
2.44318 4.33512 4.33512 2 2 
2.44254 4.33465 4.33465 2 2 
2.44191 4.33417 4.33417 2 2 
2.44127 4.3337 4.3337 2 2 
2.44064 4.33323 4.33323 2 2 
2.44001 4.33276 4.33276 2 2 
2.43938 4.33229 4.33229 2 2 
2.43876 4.33182 4.33182 2 2 
2.43813 4.33136 4.33136 2 2 
2.43751 4.33089 4.33089 2 2 
2.43689 4.33042 4.33042 2 2 
2.43626 4.32996 4.32996 2 2 
2.43564 4.3295 4.3295 2 2 
2.43503 4.32904 4.32904 2 2 
2.43441 4.32857 4.32857 2 2 
2.43379 4.32811 4.32811 2 2 
2.43318 4.32766 4.32766 2 2 
2.43256 4.3272 4.3272 2 2 
2.43195 4.32674 4.32674 2 2 
2.43134 4.32629 4.32629 2 2 
2.43073 4.32583 4.32583 2 2 
2.43013 4.32538 4.32538 2 2 
2.42952 4.32492 4.32492 2 2 
2.42891 4.32447 4.32447 2 2 
2.42831 4.32402 4.32402 2 2 
2.42771 4.32357 4.32357 2 2 
2.42711 4.32312 4.32312 2 2 
2.42651 4.32268 4.32268 2 2 
2.42591 4.32223 4.32223 2 2 
2.42531 4.32178 4.32178 2 2 
2.42472 4.32134 4.32134 2 2 
2.42412 4.32089 4.32089 2 2 
2.42353 4.32045 4.32045 2 2 
2.42294 4.32001 4.32001 2 2 
2.42235 4.31957 4.31957 2 2 
2.42176 4.31913 4.31913 2 2 
2.42117 4.31869 4.31869 2 2 
2.42058 4.31825 4.31825 2 2 
2.42 4.31781 4.31781 2 2 
2.41941 4.31738 4.31738 2 2 
2.41883 4.31694 4.31694 2 2 
2.41825 4.31651 4.31651 2 2 
2.41767 4.31607 4.31607 2 2 
2.41709 4.31564 4.31564 2 2 
2.41651 4.31521 4.31521 2 2 
2.41593 4.31478 4.31478 2 2 
2.41536 4.31435 4.31435 2 2 
2.41478 4.31392 4.31392 2 2 
2.41421 4.31349 4.31349 2 2 
2.41364 4.31307 4.31307 2 2 
2.41307 4.31264 4.31264 2 2 